0.03173828125 300.0 1.0
0.00244140625 750.0 1.0
0.04833984375 1200.0 1.0
0.09912109375 1500.0 1.0
0.1845703125 1800.0 1.0
2.078125 3000.0 1.0
0.06689453125 600.0 0.75
0.00244140625 750.0 0.75
0.0478515625 1200.0 0.75
0.09130859375 1500.0 0.75
0.15771484375 1800.0 0.75
1.8125 3000.0 0.75
0.00341796875 225.0 0.5
0.03759765625 600.0 0.5
0.04443359375 1200.0 0.5
0.0830078125 1500.0 0.5
0.14794921875 1800.0 0.5
1.7890625 3000.0 0.5
0.0322265625 150.0 0.3
0.00341796875 225.0 0.3
0.01416015625 600.0 0.3
0.00439453125 750.0 0.3
0.05029296875 1200.0 0.3
0.09423828125 1500.0 0.3
0.173828125 1800.0 0.3
2.1875 3000.0 0.3
0.00537109375 225.0 0.2
0.02001953125 600.0 0.2
0.00732421875 750.0 0.2
0.06884765625 1200.0 0.2
0.12744140625 1500.0 0.2
0.240234375 1800.0 0.2
3.171875 3000.0 0.2
0.05419921875 225.0 0.05
0.533203125 600.0 0.05
0.1953125 750.0 0.05
0.583984375 1200.0 0.05
1.0625 1500.0 0.05
2.140625 1800.0 0.05
29.46875 3000.0 0.05
1.21875 225.0 0.01
13.65625 1200.0 0.01
25.25 1500.0 0.01
