0.03564453125 300.0 1.0
0.00244140625 750.0 1.0
0.2548828125 1200.0 1.0
0.099609375 1500.0 1.0
0.1875 1800.0 1.0
2.1484375 3000.0 1.0
0.16845703125 30.0 0.75
0.00537109375 225.0 0.75
0.07763671875 600.0 0.75
0.048828125 1200.0 0.75
0.091796875 1500.0 0.75
0.16015625 1800.0 0.75
1.828125 3000.0 0.75
0.17529296875 30.0 0.5
0.08154296875 300.0 0.5
0.04541015625 600.0 0.5
0.04638671875 1200.0 0.5
0.08349609375 1500.0 0.5
0.14990234375 1800.0 0.5
1.78125 3000.0 0.5
0.00537109375 225.0 0.3
0.01611328125 600.0 0.3
0.00439453125 750.0 0.3
0.05126953125 1200.0 0.3
0.09521484375 1500.0 0.3
0.1748046875 1800.0 0.3
2.21875 3000.0 0.3
0.3466796875 30.0 0.2
0.00732421875 225.0 0.2
0.15185546875 300.0 0.2
0.02392578125 600.0 0.2
0.00732421875 750.0 0.2
0.0703125 1200.0 0.2
0.12939453125 1500.0 0.2
0.2412109375 1800.0 0.2
3.1875 3000.0 0.2
0.05810546875 225.0 0.05
0.685546875 600.0 0.05
0.197265625 750.0 0.05
0.591796875 1200.0 0.05
1.09765625 1500.0 0.05
2.125 1800.0 0.05
29.375 3000.0 0.05
1.3515625 225.0 0.01
13.8125 1200.0 0.01
25.75 1500.0 0.01
