0.00244140625 750.0 1.0
0.2666015625 1200.0 1.0
0.10302734375 1500.0 1.0
0.1953125 1800.0 1.0
2.1953125 3000.0 1.0
0.00634765625 150.0 0.75
0.00537109375 225.0 0.75
0.07958984375 600.0 0.75
0.00244140625 750.0 0.75
0.05126953125 1200.0 0.75
0.09521484375 1500.0 0.75
0.1669921875 1800.0 0.75
1.9296875 3000.0 0.75
0.16650390625 30.0 0.5
0.07861328125 300.0 0.5
0.048828125 600.0 0.5
0.04833984375 1200.0 0.5
0.08740234375 1500.0 0.5
0.15576171875 1800.0 0.5
1.8671875 3000.0 0.5
0.00439453125 225.0 0.3
0.01611328125 600.0 0.3
0.00439453125 750.0 0.3
0.05419921875 1200.0 0.3
0.10009765625 1500.0 0.3
0.18017578125 1800.0 0.3
2.3046875 3000.0 0.3
0.3369140625 30.0 0.2
0.00732421875 225.0 0.2
0.173828125 300.0 0.2
0.02392578125 600.0 0.2
0.00732421875 750.0 0.2
0.07275390625 1200.0 0.2
0.134765625 1500.0 0.2
0.2490234375 1800.0 0.2
3.28125 3000.0 0.2
0.05810546875 225.0 0.05
0.1982421875 750.0 0.05
0.625 1200.0 0.05
1.125 1500.0 0.05
2.2109375 1800.0 0.05
30.8125 3000.0 0.05
1.34375 225.0 0.01
14.71875 1200.0 0.01
26.75 1500.0 0.01
