0.00146484375 225.0 1.0
0.00244140625 750.0 1.0
0.03564453125 1200.0 1.0
0.078125 1500.0 1.0
0.13818359375 1800.0 1.0
1.5859375 3000.0 1.0
0.03271484375 600.0 0.75
0.033203125 1200.0 0.75
0.068359375 1500.0 0.75
0.11865234375 1800.0 0.75
1.39453125 3000.0 0.75
0.01513671875 600.0 0.5
0.03076171875 1200.0 0.5
0.06201171875 1500.0 0.5
0.11376953125 1800.0 0.5
1.375 3000.0 0.5
0.00732421875 150.0 0.3
0.00830078125 600.0 0.3
0.00439453125 750.0 0.3
0.03564453125 1200.0 0.3
0.07080078125 1500.0 0.3
0.13623046875 1800.0 0.3
1.7265625 3000.0 0.3
0.01123046875 600.0 0.2
0.00732421875 750.0 0.2
0.04833984375 1200.0 0.2
0.095703125 1500.0 0.2
0.1923828125 1800.0 0.2
2.4921875 3000.0 0.2
0.02685546875 225.0 0.05
0.2177734375 600.0 0.05
0.17919921875 750.0 0.05
0.419921875 1200.0 0.05
0.80859375 1500.0 0.05
1.7421875 1800.0 0.05
23.5 3000.0 0.05
0.646484375 225.0 0.01
9.90625 1200.0 0.01
19.0625 1500.0 0.01
41.625 1800.0 0.01
