0.15673828125 30.0 1.0
0.00341796875 150.0 1.0
0.03466796875 300.0 1.0
0.00244140625 750.0 1.0
0.04833984375 1200.0 1.0
0.09716796875 1500.0 1.0
0.18212890625 1800.0 1.0
2.0625 3000.0 1.0
0.16162109375 30.0 0.75
0.00537109375 150.0 0.75
0.00537109375 225.0 0.75
0.07470703125 600.0 0.75
0.04736328125 1200.0 0.75
0.08837890625 1500.0 0.75
0.15576171875 1800.0 0.75
1.7734375 3000.0 0.75
0.16943359375 30.0 0.5
0.00341796875 225.0 0.5
0.07373046875 300.0 0.5
0.04345703125 600.0 0.5
0.04443359375 1200.0 0.5
0.08056640625 1500.0 0.5
0.14453125 1800.0 0.5
1.7109375 3000.0 0.5
0.00439453125 225.0 0.3
0.01513671875 600.0 0.3
0.00439453125 750.0 0.3
0.04931640625 1200.0 0.3
0.09228515625 1500.0 0.3
0.169921875 1800.0 0.3
2.1015625 3000.0 0.3
0.3291015625 30.0 0.2
0.00732421875 225.0 0.2
0.16650390625 300.0 0.2
0.02197265625 600.0 0.2
0.00732421875 750.0 0.2
0.0673828125 1200.0 0.2
0.125 1500.0 0.2
0.234375 1800.0 0.2
3.0625 3000.0 0.2
0.05712890625 225.0 0.05
0.6015625 600.0 0.05
0.1953125 750.0 0.05
0.572265625 1200.0 0.05
1.03125 1500.0 0.05
2.0625 1800.0 0.05
28.8125 3000.0 0.05
1.32421875 225.0 0.01
13.65625 1200.0 0.01
24.875 1500.0 0.01
49.6875 1800.0 0.01
