0.00634765625 150.0 1.0
0.00634765625 225.0 1.0
0.01513671875 300.0 1.0
0.05029296875 600.0 1.0
0.02490234375 750.0 1.0
0.1953125 1200.0 1.0
0.419921875 1500.0 1.0
0.748046875 1800.0 1.0
8.625 3000.0 1.0
0.00634765625 150.0 0.75
0.00732421875 225.0 0.75
0.02197265625 300.0 0.75
0.04638671875 600.0 0.75
0.01220703125 750.0 0.75
0.18603515625 1200.0 0.75
0.3759765625 1500.0 0.75
0.64453125 1800.0 0.75
7.59375 3000.0 0.75
0.00927734375 150.0 0.5
0.00830078125 225.0 0.5
0.03369140625 300.0 0.5
0.04296875 600.0 0.5
0.03662109375 750.0 0.5
0.1748046875 1200.0 0.5
0.341796875 1500.0 0.5
0.615234375 1800.0 0.5
7.484375 3000.0 0.5
0.01416015625 150.0 0.3
0.01123046875 225.0 0.3
0.04541015625 300.0 0.3
0.04736328125 600.0 0.3
0.02294921875 750.0 0.3
0.1982421875 1200.0 0.3
0.3876953125 1500.0 0.3
0.734375 1800.0 0.3
9.34375 3000.0 0.3
0.02392578125 150.0 0.2
0.01708984375 225.0 0.2
0.06298828125 300.0 0.2
0.06494140625 600.0 0.2
0.03759765625 750.0 0.2
0.2705078125 1200.0 0.2
0.525390625 1500.0 0.2
1.03125 1800.0 0.2
13.4375 3000.0 0.2
0.2705078125 150.0 0.05
0.2802734375 225.0 0.05
0.580078125 300.0 0.05
0.59765625 600.0 0.05
0.458984375 750.0 0.05
2.359375 1200.0 0.05
4.453125 1500.0 0.05
9.40625 1800.0 0.05
6.53125 150.0 0.01
4.078125 225.0 0.01
14.1875 600.0 0.01
11.75 750.0 0.01
55.75 1200.0 0.01
